116000	-4	0.05	0.023048727	-0.25978403	0.021201843	-11.27107935
116000	-2	0.05	0.016715343	-0.067386596	0.02004779	-4.031421677
116000	0	0.05	0.014703453	0.153222911	0.020284864	10.42087941
116000	2	0.05	0.015251096	0.373758117	0.019828656	24.50696701
116000	4	0.05	0.016511327	0.547711324	0.010891746	33.17185439
116000	6	0.05	0.019776159	0.763190121	0.011896678	38.59142356
116000	8	0.05	0.025045246	0.925353899	0.007360395	36.94728686
116000	10	0.05	0.034636979	1.046986893	0.003039341	30.2274313
116000	12	0.05	0.100973652	0.848870149	0.02817998	8.406848005
116000	14	0.05	0.155028224	0.620572219	0.043571092	4.002962847
116000	16	0.05	0.188031914	0.638343326	0.050964685	3.394866931
116000	18	0.05	0.222992375	0.657625749	0.058387494	2.949095229
116000	20	0.05	0.259197531	0.672865572	0.065277835	2.595956721
116000	22	0.05	0.300679566	0.701549825	0.073771983	2.333214171
116000	24	0.05	0.332276124	0.703018424	0.079318754	2.115765697
699000	-4	0.05	0.013306918	-0.331682045	0.003664682	-24.92553367
699000	-2	0.05	0.01106634	-0.123756066	0.002221442	-11.18310695
699000	0	0.05	0.010135196	0.100239637	0.003863079	9.890251473
699000	2	0.05	0.010007803	0.328483692	0.004700187	32.82275655
699000	4	0.05	0.01163079	0.549539161	0.006910079	47.24865506
699000	6	0.05	0.013855382	0.721343735	0.003779332	52.0623487
699000	8	0.05	0.015797167	0.921444452	0.002745491	58.32972741
699000	10	0.05	0.019553901	1.142464485	0.006745805	58.42642335
699000	12	0.05	0.026653524	1.209928892	-0.003023886	45.39470544
699000	14	0.05	0.039390912	1.302075508	-0.003909621	33.05522624
699000	16	0.05	0.062253918	1.342957343	0.000459549	21.57225402
699000	18	0.05	0.075057903	1.398875711	0.002824267	18.63728739
699000	20	0.05	0.139626958	1.119140501	0.02641206	8.015217968
699000	22	0.05	0.212670404	0.941816071	0.05542497	4.428524396
699000	24	0.05	0.269172123	0.870080074	0.069858944	3.232430101
1160000	-4	0.05	0.013223341	-0.3640623	-0.002365459	-27.53179303
1160000	-2	0.05	0.010053607	-0.101457277	0.005255138	-10.09162945
1160000	0	0.05	0.009246795	0.100231881	0.002666623	10.83963464
1160000	2	0.05	0.007801268	0.322381494	0.003281176	41.32424449
1160000	4	0.05	0.009139579	0.548938316	0.005611424	60.06166075
1160000	6	0.05	0.010927714	0.773079002	0.007867772	70.74480388
1160000	8	0.05	0.013423161	0.990594384	0.009543813	73.79740006
1160000	10	0.05	0.017581443	1.15624629	0.007435381	65.76515245
1160000	12	0.05	0.022758186	1.338111465	0.006620118	58.7969288
1160000	14	0.05	0.028971144	1.481790967	0.001928534	51.14713326
1160000	16	0.05	0.058204596	1.366741389	-0.000405596	23.48167485
1160000	18	0.05	0.082114613	1.349407729	-0.000109444	16.43322275
1160000	20	0.05	0.125793053	1.172760862	0.018951813	9.322938238
1160000	22	0.05	0.190257158	1.033292426	0.047594942	5.431030479
1160000	24	0.05	0.248630563	0.929109316	0.063627478	3.736907094
233000	-4	0.1	0.019639328	-0.278447206	0.018277212	-14.17804114
233000	-2	0.1	0.014458206	-0.054427507	0.015532076	-3.764471744
233000	0	0.1	0.012877379	0.142852897	0.015801073	11.09332112
233000	2	0.1	0.012847936	0.367621976	0.014877992	28.6133094
233000	4	0.1	0.014679523	0.580350436	0.013075012	39.53469411
233000	6	0.1	0.018375564	0.737977899	0.008155331	40.16082977
233000	8	0.1	0.018963017	0.992876201	0.01084188	52.35855739
233000	10	0.1	0.039386648	1.036623548	0.013565427	26.31916128
233000	12	0.1	0.055687913	1.031977905	0.005143664	18.53145221
233000	14	0.1	0.048308614	1.299840661	-0.000997146	26.90701625
233000	16	0.1	0.095410082	1.150693734	0.013547124	12.06050463
233000	18	0.1	0.212391616	0.680594552	0.055102717	3.204432287
233000	20	0.1	0.25306661	0.688232977	0.064298201	2.719572434
233000	22	0.1	0.291830683	0.687655762	0.069237304	2.356351825
233000	24	0.1	0.326234298	0.692196749	0.077153289	2.121777975
1400000	-4	0.1	0.013645201	-0.306046421	0.004609722	-22.42886849
1400000	-2	0.1	0.008525284	-0.134511474	-2.76E-05	-15.77794631
1400000	0	0.1	0.007309838	0.094964281	0.000955461	12.99129764
1400000	2	0.1	0.008544791	0.332198786	0.003663397	38.87734469
1400000	4	0.1	0.008673062	0.55334725	0.005067222	63.80067874
1400000	6	0.1	0.011818304	0.743697793	0.005285742	62.9276222
1400000	8	0.1	0.012309128	1.001675194	0.011149779	81.37661531
1400000	10	0.1	0.03629732	1.021280633	0.015638233	28.13652979
1400000	12	0.1	0.020646352	1.384536079	0.010266808	67.05959929
1400000	14	0.1	0.06874705	1.238157527	0.016354933	18.01033688
1400000	16	0.1	0.067480073	1.377108661	0.007621084	20.40763442
1400000	18	0.1	0.056351086	1.571916429	-0.006561887	27.89505101
1400000	20	0.1	0.117809729	1.276087363	0.019523244	10.83176555
1400000	22	0.1	0.188276896	1.046791565	0.046852489	5.55985141
1400000	24	0.1	0.246152421	0.934932859	0.062912779	3.798186725
2330000	-4	0.1	0.012868125	-0.329286016	0.002334581	-25.58927758
2330000	-2	0.1	0.008814933	-0.13118145	-0.000198581	-14.8817295
2330000	0	0.1	0.007825671	0.106746915	0.004351203	13.64060846
2330000	2	0.1	0.008019134	0.331974934	0.004662165	41.39785225
2330000	4	0.1	0.008314082	0.558637231	0.006820652	67.19169532
2330000	6	0.1	0.009179432	0.772909795	0.006266028	84.20017322
2330000	8	0.1	0.012696602	0.987480434	0.009543575	77.77517175
2330000	10	0.1	0.014874547	1.19843374	0.009951971	80.56942641
2330000	12	0.1	0.022657982	1.325294746	0.007248206	58.49129741
2330000	14	0.1	0.039489802	1.354510199	0.00216466	34.30025335
2330000	16	0.1	0.052720005	1.441635927	0.000281326	27.34513995
2330000	18	0.1	0.05034166	1.6483107	-0.007173074	32.74247797
2330000	20	0.1	0.087878393	1.464326513	-0.00202564	16.66310071
2330000	22	0.1	0.174214383	1.115241758	0.041276895	6.401548115
2330000	24	0.1	0.231681985	0.998098966	0.057998445	4.308056006
349000	-4	0.15	0.017451672	-0.322110464	0.005904091	-18.45728389
349000	-2	0.15	0.012542542	-0.116512336	0.004108801	-9.289371665
349000	0	0.15	0.010254707	0.101332557	0.004273959	9.881565584
349000	2	0.15	0.01086466	0.331307418	0.006161148	30.49404476
349000	4	0.15	0.013149592	0.556364871	0.008374297	42.31042894
349000	6	0.15	0.014193064	0.778470781	0.01079015	54.84867825
349000	8	0.15	0.01737977	0.987095626	0.011614956	56.79566696
349000	10	0.15	0.024177971	1.144551276	0.00889331	47.33859839
349000	12	0.15	0.030176628	1.305703584	0.004729267	43.26870435
349000	14	0.15	0.037536808	1.422568653	-0.000155885	37.89796531
349000	16	0.15	0.062560239	1.3519353	-0.002023136	21.61013636
349000	18	0.15	0.116701104	1.141317246	0.016418083	9.779832474
349000	20	0.15	0.222562435	0.795551149	0.053856337	3.57450775
349000	22	0.15	0.268131973	0.787678794	0.066883823	2.937653367
349000	24	0.15	0.332950601	0.732312346	0.081565397	2.199462454
2100000	-4	0.15	0.012033586	-0.348939126	0.000945582	-28.99710185
2100000	-2	0.15	0.009598205	-0.137965276	-0.000344841	-14.37407016
2100000	0	0.15	0.009310795	0.090657444	0.001167923	9.736810162
2100000	2	0.15	0.009340573	0.32165891	0.002955311	34.43674201
2100000	4	0.15	0.01028244	0.552918532	0.005090462	53.77308537
2100000	6	0.15	0.010995519	0.781637777	0.007074647	71.086937
2100000	8	0.15	0.013090323	1.002627836	0.008941752	76.59305654
2100000	10	0.15	0.015613576	1.222785082	0.010280334	78.31550485
2100000	12	0.15	0.0193081	1.413190179	0.009025894	73.19157006
2100000	14	0.15	0.02877267	1.530586294	0.002835139	53.19583814
2100000	16	0.15	0.03910323	1.603844931	-0.005510655	41.01566344
2100000	18	0.15	0.051114785	1.64264604	-0.008392039	32.13641669
2100000	20	0.15	0.111209202	1.313902275	0.013671582	11.81469026
2100000	22	0.15	0.179627457	1.105039299	0.043829066	6.151839563
2100000	24	0.15	0.246011058	0.973818876	0.06703213	3.958435375
3490000	-4	0.15	0.010561223	-0.36011263	-0.000861776	-34.09762733
3490000	-2	0.15	0.009112447	-0.143198223	-0.001219105	-15.71457406
3490000	0	0.15	0.008877114	0.087405176	0.000443929	9.846124694
3490000	2	0.15	0.00881866	0.320620484	0.00237479	36.35705143
3490000	4	0.15	0.00925593	0.553922843	0.004736656	59.84518347
3490000	6	0.15	0.010557668	0.780073995	0.006296442	73.88695942
3490000	8	0.15	0.012262632	1.00898515	0.008744413	82.28128713
3490000	10	0.15	0.01560295	1.217679572	0.009359213	78.04162662
3490000	12	0.15	0.018335925	1.423411178	0.009144978	77.62963625
3490000	14	0.15	0.023448318	1.582943464	0.004831291	67.50776034
3490000	16	0.15	0.032154538	1.678604969	-0.003310941	52.20429442
3490000	18	0.15	0.04580719	1.706096174	-0.00955723	37.24516118
3490000	20	0.15	0.078335468	1.554589034	-0.005224633	19.84527673
3490000	22	0.15	0.171444679	1.099828699	0.034718209	6.415064647
3490000	24	0.15	0.228081735	1.012114312	0.055636553	4.437507066
466000	-4	0.2	0.014817245	-0.340824693	0.003852357	-23.00189437
466000	-2	0.2	0.011713804	-0.123407546	0.002896443	-10.53522419
466000	0	0.2	0.010604659	0.104605468	0.003861164	9.864105129
466000	2	0.2	0.010700767	0.337637144	0.005759206	31.55261084
466000	4	0.2	0.012030595	0.563066234	0.007827525	46.802857
466000	6	0.2	0.013403256	0.782349123	0.008693008	58.37007997
466000	8	0.2	0.016226052	0.998230786	0.010046511	61.52025219
466000	10	0.2	0.020230215	1.192960178	0.009218021	58.96922748
466000	12	0.2	0.026237636	1.344054303	0.004372689	51.22619684
466000	14	0.2	0.035365626	1.464619011	4.25E-05	41.41363199
466000	16	0.2	0.054317274	1.449432612	-0.004420985	26.68456087
466000	18	0.2	0.110237729	1.201110017	0.013611697	10.89563466
466000	20	0.2	0.179047192	0.939091007	0.040368106	5.244935688
2800000	-4	0.2	0.009833867	-0.373515636	-0.001762193	-37.98258128
2800000	-2	0.2	0.00907832	-0.142535334	-0.000724494	-15.70062868
2800000	0	0.2	0.008605353	0.090223795	0.000659083	10.48461236
2800000	2	0.2	0.008843639	0.32371616	0.002539627	36.60440811
2800000	4	0.2	0.009438398	0.55723071	0.004651405	59.03869333
2800000	6	0.2	0.010525614	0.785299646	0.006613544	74.60844183
2800000	8	0.2	0.01221286	1.01133239	0.008392672	82.80880909
2800000	10	0.2	0.015197107	1.229274028	0.009460222	80.88868915
2800000	12	0.2	0.018371536	1.429701585	0.008755879	77.8215603
2800000	14	0.2	0.024249544	1.58428118	0.003228108	65.33241078
2800000	16	0.2	0.033395153	1.671773998	-0.005388169	50.06037776
2800000	18	0.2	0.054032857	1.640516873	-0.011224734	30.36146816
2800000	20	0.2	0.111378982	1.287338639	0.007359908	11.55818286
4660000	-4	0.2	0.009189329	-0.379613582	-0.002624058	-41.31026194
4660000	-2	0.2	0.008412666	-0.147389411	-0.001670337	-17.51994153
4660000	0	0.2	0.008192383	0.086379992	-9.85E-05	10.54393954
4660000	2	0.2	0.008275411	0.321626579	0.001901866	38.86533198
4660000	4	0.2	0.008839027	0.555223901	0.004032843	62.81504545
4660000	6	0.2	0.010292865	0.784077562	0.006080621	76.17680631
4660000	8	0.2	0.011623249	1.011176228	0.007856588	86.99600288
4660000	10	0.2	0.01466193	1.229183321	0.008938733	83.83503136
4660000	12	0.2	0.017722059	1.433046351	0.008473175	80.86229465
4660000	14	0.2	0.022362391	1.606917486	0.004513553	71.8580349
4660000	16	0.2	0.031800368	1.690327496	-0.005135915	53.1543371
4660000	18	0.2	0.046258369	1.723442495	-0.011392219	37.25688022
4660000	20	0.2	0.076747408	1.596845229	-0.008100882	20.80650359
582000	-4	0.25	0.013773138	-0.348968867	0.002919747	-25.33691811
582000	-2	0.25	0.010977064	-0.125662027	0.002352491	-11.44769041
582000	0	0.25	0.009411785	0.102338	0.003170398	10.87338913
582000	2	0.25	0.009815964	0.338193004	0.005226863	34.45336747
582000	4	0.25	0.01129265	0.565020315	0.007225948	50.03434006
582000	6	0.25	0.013206839	0.790680336	0.008668121	59.86900915
582000	8	0.25	0.016240681	1.009980205	0.009797591	62.18829079
582000	10	0.25	0.020282439	1.211088926	0.009125579	59.71120758
582000	12	0.25	0.0261951	1.376069806	0.004704774	52.53157202
582000	14	0.25	0.034991128	1.492816736	-0.001063135	42.66272142
582000	16	0.25	0.053901395	1.48043022	-0.005853103	27.4655272
582000	18	0.25	0.10641604	1.23179658	0.007497565	11.57529055
582000	20	0.25	0.172275301	0.986194251	0.036685633	5.724524904
3490000	-4	0.25	0.00948115	-0.378402041	-0.001971129	-39.91098762
3490000	-2	0.25	0.008500144	-0.144530394	-0.001120825	-17.00328685
3490000	0	0.25	0.008080825	0.090464389	0.000306937	11.19494458
3490000	2	0.25	0.008355918	0.326400529	0.002272661	39.06219695
3490000	4	0.25	0.009117357	0.561269251	0.004367044	61.56052151
3490000	6	0.25	0.010648298	0.795407266	0.006493704	74.69806662
3490000	8	0.25	0.012810389	1.025037446	0.008170229	80.01610899
3490000	10	0.25	0.015462766	1.246949497	0.008920613	80.64207206
3490000	12	0.25	0.019188952	1.447651115	0.007348544	75.44190735
3490000	14	0.25	0.024981154	1.605469762	0.001226384	64.26723848
3490000	16	0.25	0.035463102	1.680098637	-0.008864805	47.37596362
3490000	18	0.25	0.055348384	1.652661913	-0.014218034	29.85926206
3490000	20	0.25	0.1171973	1.251941791	0.007525838	10.68234332
5820000	-4	0.25	0.008818761	-0.384584374	-0.003028585	-43.6097968
5820000	-2	0.25	0.007942773	-0.149947588	-0.002169105	-18.87849368
5820000	0	0.25	0.007633222	0.087192146	-0.000461997	11.42271871
5820000	2	0.25	0.007879825	0.324581329	0.001657698	41.19143681
5820000	4	0.25	0.008655333	0.560555768	0.003796807	64.76420539
5820000	6	0.25	0.010001906	0.795407904	0.005905782	79.52563673
5820000	8	0.25	0.011956793	1.026534653	0.007646559	85.85367667
5820000	10	0.25	0.014581963	1.249473047	0.00843245	85.68620125
5820000	12	0.25	0.017826889	1.46002565	0.007803905	81.9001923
5820000	14	0.25	0.023762935	1.621018592	0.001863284	68.21626288
5820000	16	0.25	0.033686677	1.70578582	-0.008089699	50.63680829
5820000	18	0.25	0.047636757	1.733621304	-0.015143331	36.39251312
5820000	20	0.25	0.086706927	1.51865053	-0.008879704	17.51475437
699000	-4	0.3	0.013085732	-0.358155888	0.002152348	-27.36995509
699000	-2	0.3	0.010585161	-0.129666984	0.001881721	-12.24988281
699000	0	0.3	0.008639239	0.101033437	0.002649265	11.6947148
699000	2	0.3	0.00903375	0.341257479	0.004776812	37.7758399
699000	4	0.3	0.011149583	0.573911096	0.007194055	51.47377095
699000	6	0.3	0.012934531	0.802341462	0.008196504	62.03096479
699000	8	0.3	0.016180635	1.027726785	0.009449553	63.51585089
699000	10	0.3	0.020409048	1.23740277	0.009191334	60.63010803
699000	12	0.3	0.026345998	1.40183074	0.003440887	53.20848781
699000	14	0.3	0.035638389	1.516025348	-0.003032321	42.53911032
699000	16	0.3	0.058965924	1.450136738	-0.007562397	24.59279266
699000	18	0.3	0.120096863	1.168410187	0.013500842	9.728898476
699000	20	0.3	0.18050652	0.970405422	0.039763365	5.376013121
4190000	-4	0.3	0.009306885	-0.384847417	-0.001971519	-41.35083101
4190000	-2	0.3	0.00828721	-0.147396053	-0.001233985	-17.78596712
4190000	0	0.3	0.007849391	0.091656281	0.000228075	11.67686494
4190000	2	0.3	0.008242709	0.331746161	0.002246481	40.24722674
4190000	4	0.3	0.009053199	0.571042656	0.004347083	63.07633921
4190000	6	0.3	0.010483217	0.808779923	0.006301898	77.14997473
4190000	8	0.3	0.012651405	1.043031411	0.007754271	82.44391971
4190000	10	0.3	0.015510454	1.268223056	0.007956684	81.765693
4190000	12	0.3	0.019928156	1.472727991	0.005630027	73.90187046
4190000	14	0.3	0.026510326	1.623543948	-0.002380688	61.24194609
4190000	16	0.3	0.039232195	1.669116379	-0.0137644	42.54455799
4190000	18	0.3	0.064907561	1.556510718	-0.015806236	23.98042233
4190000	20	0.3	0.122781483	1.289749313	0.006143443	10.50442849
6990000	-4	0.3	0.008607422	-0.39079222	-0.002995963	-45.40177111
6990000	-2	0.3	0.00762881	-0.151616963	-0.002053419	-19.87426123
6990000	0	0.3	0.007368877	0.088573667	-0.000514136	12.01996742
6990000	2	0.3	0.007636412	0.329177425	0.001443393	43.10629454
6990000	4	0.3	0.008415837	0.569006092	0.003547033	67.61134928
6990000	6	0.3	0.009959517	0.807952973	0.005599896	81.12371342
6990000	8	0.3	0.011874818	1.043374735	0.007064117	87.86447946
6990000	10	0.3	0.014698133	1.270197185	0.007403446	86.41894658
6990000	12	0.3	0.018496493	1.486171789	0.006103005	80.34884152
6990000	14	0.3	0.025139658	1.637828112	-0.001939714	65.14918004
6990000	16	0.3	0.035055363	1.724683494	-0.012666288	49.19884888
6990000	18	0.3	0.055254778	1.684065227	-0.018709819	30.47818272
6990000	20	0.3	0.106091732	1.398496076	-0.004819195	13.1819516
815000	-4	0.35	0.012739402	-0.367417834	0.001852016	-28.84105821
815000	-2	0.35	0.010167761	-0.132504727	0.001736921	-13.03184892
815000	0	0.35	0.008214589	0.102795446	0.002470075	12.5137656
815000	2	0.35	0.008812485	0.34785886	0.004677715	39.4734143
815000	4	0.35	0.011136881	0.585629465	0.007295116	52.58469294
815000	6	0.35	0.013029022	0.819394928	0.008329737	62.88997963
815000	8	0.35	0.016500573	1.04943117	0.00911993	63.59967965
815000	10	0.35	0.02078994	1.259114709	0.007225744	60.56365367
815000	12	0.35	0.027226046	1.421549939	-0.000137547	52.21286852
815000	14	0.35	0.037779769	1.531490403	-0.006926021	40.53731539
815000	16	0.35	0.100081538	1.334946942	0.023656408	13.33859335
815000	18	0.35	0.134986321	1.098088199	0.017644493	8.134810914
815000	20	0.35	0.187319845	0.975886025	0.042384674	5.209731114
4890000	-4	0.35	0.008460478	-0.39338125	-0.002698016	-46.49633769
4890000	-2	0.35	0.008014587	-0.151093035	-0.001506626	-18.85225502
4890000	0	0.35	0.007826336	0.093456307	0.000215025	11.94125913
4890000	2	0.35	0.00804644	0.338308424	0.002201141	42.04448585
4890000	4	0.35	0.008584501	0.581489143	0.004123218	67.73709197
4890000	6	0.35	0.009410499	0.819691792	0.005250015	87.10396708
4890000	8	0.35	0.011547568	1.058948742	0.006090493	91.70318689
4890000	10	0.35	0.014778982	1.294395624	0.00618316	87.58354675
4890000	12	0.35	0.018711465	1.511272465	0.002847953	80.76719204
4890000	14	0.35	0.029200499	1.616468843	-0.009657939	55.35757639
4890000	16	0.35	0.040836516	1.692717265	-0.020304782	41.4510698
4890000	18	0.35	0.081492791	1.407969907	-0.014537763	17.27723269
4890000	20	0.35	0.147644562	1.30429863	0.021090525	8.834044467
8150000	-4	0.35	0.008241332	-0.398961492	-0.003271493	-48.40983056
8150000	-2	0.35	0.007372738	-0.155926423	-0.002558374	-21.14905342
8150000	0	0.35	0.007186292	0.089931448	-0.00073007	12.51430461
8150000	2	0.35	0.007234968	0.334598043	0.001099284	46.24733986
8150000	4	0.35	0.007730783	0.578254437	0.003059315	74.79895186
8150000	6	0.35	0.009159434	0.822829757	0.005119976	89.83413184
8150000	8	0.35	0.011458508	1.068279032	0.006791564	93.23020013
8150000	10	0.35	0.014118223	1.303221219	0.006810241	92.30773551
8150000	12	0.35	0.018004266	1.527907627	0.004451368	84.86364413
8150000	14	0.35	0.026918904	1.651418217	-0.007942588	61.34789972
8150000	16	0.35	0.036958968	1.755331778	-0.019158735	47.49406914
8150000	18	0.35	0.075162889	1.611355182	-0.013503546	21.43817513
8150000	20	0.35	0.145170548	1.354485698	0.021519358	9.330306402
932000	-4	0.4	0.012247732	-0.374160175	0.002574775	-30.54934429
932000	-2	0.4	0.009672244	-0.134555543	0.001872436	-13.9115129
932000	0	0.4	0.006123679	0.089147873	-0.001071613	14.5578948
932000	2	0.4	0.007948532	0.338771868	0.001525436	42.6206838
932000	4	0.4	0.010188033	0.585891986	0.004005909	57.50786033
932000	6	0.4	0.012742726	0.829917102	0.005538318	65.12869461
932000	8	0.4	0.016545764	1.078435626	0.008585578	65.17895724
932000	10	0.4	0.021781747	1.301564173	0.007416886	59.75481025
932000	12	0.4	0.029466873	1.453576473	-0.002677671	49.32917213
932000	14	0.4	0.044354798	1.510310257	-0.012588652	34.05066234
932000	16	0.4	0.103760112	1.253739315	0.012907401	12.08305671
932000	18	0.4	0.153681451	1.096103876	0.032251071	7.132310844
5590000	-4	0.4	0.008547434	-0.403348669	-0.002346903	-47.18944655
5590000	-2	0.4	0.00768522	-0.155079311	-0.001772041	-20.17890251
5590000	0	0.4	0.007352223	0.093961618	-0.000289906	12.78002874
5590000	2	0.4	0.007113605	0.341913799	0.001493872	48.06477012
5590000	4	0.4	0.008160099	0.593341269	0.003669264	72.71250912
5590000	6	0.4	0.00999593	0.843626597	0.005318867	84.39701222
5590000	8	0.4	0.01253908	1.090728561	0.005726631	86.98633402
5590000	10	0.4	0.01613057	1.332819304	0.00418179	82.62691879
5590000	12	0.4	0.020898935	1.552282031	-0.001894489	74.27565072
5590000	14	0.4	0.02981432	1.693797822	-0.016683441	56.81155256
5590000	16	0.4	0.057553227	1.611845261	-0.025298344	28.00616638
5590000	18	0.4	0.108148037	1.301235053	-0.002360105	12.0319803
9320000	-4	0.4	0.008255433	-0.409075699	-0.002986537	-49.55230209
9320000	-2	0.4	0.007216998	-0.159801871	-0.002659889	-22.14242857
9320000	0	0.4	0.006853352	0.091375908	-0.001103623	13.3330236
9320000	2	0.4	0.007074535	0.34242407	0.000921593	48.40234596
9320000	4	0.4	0.007963413	0.596062964	0.003564433	74.85018463
9320000	6	0.4	0.009633795	0.84813094	0.00545051	88.03705092
9320000	8	0.4	0.012009697	1.097985694	0.006151326	91.42492616
9320000	10	0.4	0.015274024	1.342873688	0.0047287	87.91878993
9320000	12	0.4	0.020256832	1.566582314	-0.001013123	77.33599938
9320000	14	0.4	0.027595284	1.733328311	-0.015535783	62.81248298
9320000	16	0.4	0.066753558	1.535068913	-0.01654743	22.99606132
9320000	18	0.4	0.116558004	1.30413125	-0.001573396	11.18868897
1050000	-4	0.45	0.012736891	-0.381739588	0.003483439	-29.97117512
1050000	-2	0.45	0.009593793	-0.138744926	0.001801909	-14.46194728
1050000	0	0.45	0.006002274	0.092207387	-0.000818859	15.36207551
1050000	2	0.45	0.00808609	0.348750717	0.001993459	43.12970902
1050000	4	0.45	0.010312071	0.603598894	0.004312481	58.53323643
1050000	6	0.45	0.013146478	0.853207926	0.004926481	64.90011576
1050000	8	0.45	0.017368527	1.101401963	0.005321101	63.41366522
1050000	10	0.45	0.024308524	1.319388027	0.001834064	54.27676329
1050000	12	0.45	0.039082801	1.37610862	-0.012219199	35.21008203
1050000	14	0.45	0.121694638	0.991758242	0.019011106	8.149563989
1050000	16	0.45	0.141245509	1.022177385	0.015562547	7.236884149
1050000	18	0.45	0.178860645	0.974043852	0.0328991	5.445825455
6290000	-4	0.45	0.008924507	-0.41330709	-0.001334674	-46.311477
6290000	-2	0.45	0.007719631	-0.159110915	-0.001573578	-20.61120762
6290000	0	0.45	0.007223628	0.096228943	-0.000386967	13.32141473
6290000	2	0.45	0.007202869	0.352900928	0.001693891	48.99449769
6290000	4	0.45	0.008280377	0.610768512	0.003614316	73.76095563
6290000	6	0.45	0.010376267	0.869425613	0.004817786	83.78982607
6290000	8	0.45	0.013348717	1.124436566	0.003891491	84.2355506
6290000	10	0.45	0.017807919	1.368185797	-0.001335043	76.83018891
6290000	12	0.45	0.030604057	1.475459789	-0.019083352	48.21124776
6290000	14	0.45	0.103236993	1.243498345	0.016071585	12.04508493
6290000	16	0.45	0.135408932	1.218128366	0.021977955	8.995923273
6290000	18	0.45	0.172603411	1.177673357	0.032411731	6.823001625
10500000	-4	0.45	0.008466453	-0.419420898	-0.002235236	-49.53915259
10500000	-2	0.45	0.00711689	-0.164333433	-0.002693311	-23.09062314
10500000	0	0.45	0.006763269	0.094393986	-0.001074279	13.9568591
10500000	2	0.45	0.007118004	0.355449044	0.001611446	49.9366153
10500000	4	0.45	0.00807235	0.614403351	0.003665243	76.11207954
10500000	6	0.45	0.010086669	0.874404256	0.005062077	86.68909641
10500000	8	0.45	0.012819186	1.133254492	0.004499734	88.40299698
10500000	10	0.45	0.017087038	1.383985238	-0.000337255	80.99620437
10500000	12	0.45	0.02953696	1.505304756	-0.018327987	50.96342893
10500000	14	0.45	0.075221361	1.299792023	-0.007646517	17.27956005
10500000	16	0.45	0.123528411	1.293029149	0.01070406	10.46746361
10500000	18	0.45	0.168117642	1.171521071	0.029491235	6.968460039
1160000	-4	0.5	0.014632656	-0.382568761	0.005995534	-26.14486167
1160000	-2	0.5	0.009503374	-0.142818704	0.002135882	-15.02820992
1160000	0	0.5	0.005927974	0.097273036	-0.000365928	16.40915466
1160000	2	0.5	0.008233894	0.361889951	0.002480052	43.95124964
1160000	4	0.5	0.010541828	0.626476677	0.004485971	59.42771018
1160000	6	0.5	0.013832252	0.884436701	0.004049398	63.9401825
1160000	8	0.5	0.020109216	1.117112894	-0.000134128	55.55228504
1160000	10	0.5	0.038257121	1.181674163	-0.010403487	30.88769144
1160000	12	0.5	0.10941713	0.885805128	0.023071913	8.095671384
1160000	14	0.5	0.134735014	0.953727567	0.023042868	7.0785428
1160000	16	0.5	0.17770616	0.890800975	0.040034761	5.012774871
6990000	-4	0.5	0.01097734	-0.412014384	0.002137252	-37.53317146
6990000	-2	0.5	0.007627657	-0.163934416	-0.001327855	-21.4921067
6990000	0	0.5	0.007123026	0.100809904	-0.000210484	14.15267855
6990000	2	0.5	0.007269244	0.367260627	0.001914862	50.52253464
6990000	4	0.5	0.008493152	0.634695023	0.003550905	74.73020496
6990000	6	0.5	0.01080161	0.903596682	0.003633236	83.65389005
6990000	8	0.5	0.015724043	1.159258948	-0.001182443	73.72524783
6990000	10	0.5	0.031758608	1.26432839	-0.018257232	39.81057316
6990000	12	0.5	0.091260291	1.094996858	0.010681063	11.99861242
6990000	14	0.5	0.121347277	1.042399718	0.014559943	8.59021928
6990000	16	0.5	0.16640304	0.966949536	0.032178242	5.810888642
11600000	-4	0.5	0.010397179	-0.41545885	0.001843052	-39.95880551
11600000	-2	0.5	0.006935886	-0.167464511	-0.002122337	-24.14464707
11600000	0	0.5	0.006541942	0.098958515	-0.000969172	15.12677935
11600000	2	0.5	0.007175914	0.369346178	0.001872253	51.4702617
11600000	4	0.5	0.008320934	0.638058088	0.0036182	76.6810684
11600000	6	0.5	0.010481617	0.909346644	0.003909138	86.75633437
11600000	8	0.5	0.015401383	1.17145667	-0.00040581	76.06178574
11600000	10	0.5	0.031413716	1.289072738	-0.017594092	41.035347
11600000	12	0.5	0.078636122	1.135351465	0.002659725	14.4380398
11600000	14	0.5	0.136424502	1.048949727	0.02667557	7.688866098
11600000	16	0.5	0.160083565	0.968574443	0.025755282	6.050430237
1280000	-4	0.55	0.0236383	-0.352635439	0.011311201	-14.91796951
1280000	-2	0.55	0.009377268	-0.147275303	0.00263196	-15.70556617
1280000	0	0.55	0.006000689	0.106241816	0.000492955	17.70493486
1280000	2	0.55	0.008383718	0.37956793	0.00292724	45.27441401
1280000	4	0.55	0.010980102	0.656782582	0.004337483	59.81570858
1280000	6	0.55	0.016681653	0.908496246	0.000265268	54.46080619
1280000	8	0.55	0.034976235	0.999839559	-0.009349466	28.58625503
1280000	10	0.55	0.090793017	0.859140522	0.023314138	9.462627744
1280000	12	0.55	0.113415949	0.799941322	0.017960085	7.053164274
1280000	14	0.55	0.13671027	0.817874059	0.019199913	5.982535626
1280000	16	0.55	0.170406767	0.837339995	0.032836105	4.913771976
7690000	-4	0.55	0.019416535	-0.379981825	0.010218573	-19.57001186
7690000	-2	0.55	0.007598303	-0.169803856	-0.000853629	-22.34760276
7690000	0	0.55	0.007167688	0.108524838	0.00030489	15.14084202
7690000	2	0.55	0.007358171	0.386040951	0.002066287	52.46425369
7690000	4	0.55	0.008832512	0.667168892	0.003076806	75.53557696
7690000	6	0.55	0.013622036	0.942435063	-0.00031217	69.18459455
7690000	8	0.55	0.031213304	1.084814019	-0.013812708	34.75485985
7690000	10	0.55	0.075727754	0.950506978	0.00709023	12.55163304
7690000	12	0.55	0.116998439	0.906638227	0.026836007	7.749148035
7690000	14	0.55	0.144489603	0.850874255	0.029105039	5.888826875
7690000	16	0.55	0.1760687	0.820217057	0.037610956	4.658505771
12800000	-4	0.55	0.017529422	-0.383551643	0.010136634	-21.88044972
12800000	-2	0.55	0.006719016	-0.173908245	-0.001900021	-25.88299248
12800000	0	0.55	0.006464217	0.105111896	-0.000773349	16.2605762
12800000	2	0.55	0.006918791	0.384701412	0.001134149	55.6024055
12800000	4	0.55	0.008590062	0.670817235	0.003115377	78.09224182
12800000	6	0.55	0.013395939	0.950332593	4.80E-06	70.94184206
12800000	8	0.55	0.03148299	1.108828184	-0.012432627	35.21991335
12800000	10	0.55	0.072080902	0.973025282	0.005275227	13.49907188
12800000	12	0.55	0.121814568	0.894445034	0.030157392	7.342677035
12800000	14	0.55	0.147512082	0.846205989	0.026460825	5.736519858
12800000	16	0.55	0.171920901	0.801486374	0.030286927	4.661948421
1400000	-4	0.6	0.027836791	-0.3586399	0.009591119	-12.88366544
1400000	-2	0.6	0.009498163	-0.152101073	0.003635869	-16.01373654
1400000	0	0.6	0.006017244	0.115226017	0.000859912	19.14930157
1400000	2	0.6	0.008682141	0.403366569	0.003334614	46.45934585
1400000	4	0.6	0.013155849	0.688889469	0.002400686	52.36374096
1400000	6	0.6	0.044472121	0.731056899	0.010766219	16.43854342
1400000	8	0.6	0.066584611	0.742767783	0.00785323	11.15524693
1400000	10	0.6	0.096877688	0.815512336	0.016999764	8.417958269
1400000	12	0.6	0.122501997	0.749593528	0.021124613	6.119031088
1400000	14	0.6	0.155965734	0.752278697	0.035313053	4.823358804
8390000	-4	0.6	0.022349147	-0.37668969	0.013379092	-16.85476826
8390000	-2	0.6	0.007807651	-0.175088822	0.000441277	-22.42528669
8390000	0	0.6	0.007212039	0.11681473	0.00057598	16.19718497
8390000	2	0.6	0.007565466	0.411483616	0.002192483	54.38972551
8390000	4	0.6	0.010889858	0.707707728	0.000635915	64.98778375
8390000	6	0.6	0.028287975	0.92762462	-0.00688315	32.79218845
8390000	8	0.6	0.06442083	0.858964776	0.010116523	13.33364966
8390000	10	0.6	0.099977439	0.795355062	0.024765733	7.955345394
8390000	12	0.6	0.123985477	0.768357028	0.022911047	6.197153458
8390000	14	0.6	0.15117332	0.755120924	0.027284973	4.995067403
14000000	-4	0.6	0.02117358	-0.379644685	0.013585436	-17.93011291
14000000	-2	0.6	0.00700114	-0.179484557	-0.000545111	-25.63647642
14000000	0	0.6	0.006420935	0.113284329	-0.000491391	17.64296533
14000000	2	0.6	0.007101035	0.409617637	0.001213078	57.68421872
14000000	4	0.6	0.010587589	0.711907984	0.000379018	67.23985898
14000000	6	0.6	0.028644139	0.945593905	-0.005888766	33.01177663
14000000	8	0.6	0.067046996	0.801530095	0.014407316	11.95475028
14000000	10	0.6	0.103008436	0.746013506	0.024166141	7.242256437
14000000	12	0.6	0.130993767	0.763691035	0.027669788	5.829979957
14000000	14	0.6	0.153789991	0.688159168	0.027148681	4.474668124
1510000	-4	0.65	0.030077109	-0.358516156	0.012864442	-11.91990074
1510000	-2	0.65	0.010428551	-0.153136889	0.006572955	-14.68438751
1510000	0	0.65	0.006332452	0.126951565	0.001628703	20.04777476
1510000	2	0.65	0.009852705	0.435278686	0.003250508	44.17859758
1510000	4	0.65	0.024049653	0.642779806	-0.001451018	26.7271972
1510000	6	0.65	0.055139508	0.641717196	0.009194421	11.63806536
1510000	8	0.65	0.08296553	0.693403153	0.015589124	8.357725854
1510000	10	0.65	0.108108545	0.682382581	0.022726327	6.312013385
1510000	12	0.65	0.138716019	0.67942725	0.031233332	4.897972507
9080000	-4	0.65	0.027079087	-0.389021298	0.017233076	-14.36611565
9080000	-2	0.65	0.008956745	-0.178232729	0.00343918	-19.89927382
9080000	0	0.65	0.007212814	0.129578729	0.001159679	17.96507399
9080000	2	0.65	0.008420612	0.447726784	0.001276449	53.17033729
9080000	4	0.65	0.022789837	0.746190678	-0.000912555	32.74225675
9080000	6	0.65	0.051450818	0.687255927	0.005509674	13.35753154
9080000	8	0.65	0.080142438	0.757353013	0.010882071	9.45008698
9080000	10	0.65	0.10287181	0.676733423	0.011170273	6.578414652
9080000	12	0.65	0.136900584	0.652420789	0.02648997	4.765653814
15100000	-4	0.65	0.024225242	-0.403574675	0.018913318	-16.65926307
15100000	-2	0.65	0.007992974	-0.182909373	0.00218156	-22.88376911
15100000	0	0.65	0.006283408	0.124961302	-0.0002379	19.88750298
15100000	2	0.65	0.007887393	0.445592787	8.56E-05	56.49430286
15100000	4	0.65	0.022750711	0.751128919	-0.001602201	33.01562334
15100000	6	0.65	0.053705621	0.826634519	0.005696164	15.39195537
15100000	8	0.65	0.088061396	0.912980795	0.004977759	10.36754846
15100000	10	0.65	0.103084131	0.740570925	0.007867624	7.184140927
15100000	12	0.65	0.132385651	0.657018261	0.021147012	4.962911431
1630000	-4	0.7	0.0348921	-0.368166279	0.017846162	-10.55156538
1630000	-2	0.7	0.012350731	-0.152048267	0.01188803	-12.31087192
1630000	0	0.7	0.009902356	0.167280637	0.007627989	16.89301429
1630000	2	0.7	0.016195374	0.482456893	0.004479509	29.78979582
1630000	4	0.7	0.047786733	0.660514936	0.02339639	13.82214042
1630000	6	0.7	0.069367268	0.601895576	0.014282646	8.676939281
1630000	8	0.7	0.09022862	0.573879898	0.010958748	6.360286738
1630000	10	0.7	0.121404972	0.608377607	0.028328847	5.011142416
1630000	12	0.7	0.154118135	0.669602162	0.04132219	4.344733082
9780000	-4	0.7	0.034016528	-0.504366212	0.023601411	-14.82709276
9780000	-2	0.7	0.011336445	-0.18175985	0.008589776	-16.03323202
9780000	0	0.7	0.007377035	0.151224638	0.001981882	20.49937819
9780000	2	0.7	0.015688212	0.506056389	0.002376029	32.25711132
9780000	4	0.7	0.048710273	0.752788145	0.026308936	15.45440198
9780000	6	0.7	0.069864943	0.664607489	0.010635179	9.512746501
9780000	8	0.7	0.087926185	0.582645337	0.002935281	6.626528097
9780000	10	0.7	0.115558105	0.608847323	0.012665913	5.268754801
9780000	12	0.7	0.147833508	0.651377804	0.026041562	4.406158064
16300000	-4	0.7	0.033538298	-0.504163384	0.023452117	-15.03246795
16300000	-2	0.7	0.01059894	-0.192871479	0.00674644	-18.19724201
16300000	0	0.7	0.006554048	0.144531829	0.000395959	22.05229925
16300000	2	0.7	0.01520823	0.50040097	0.001132959	32.90330047
16300000	4	0.7	0.044272444	0.765020565	0.015329639	17.2798358
16300000	6	0.7	0.065963909	0.537362745	0.01001903	8.146314427
16300000	8	0.7	0.090748543	0.661427353	0.001439814	7.288572733
16300000	10	0.7	0.115218346	0.580135133	0.013550418	5.035093413
16300000	12	0.7	0.146438777	0.656727006	0.023111556	4.484652367
1750000	-4	0.75	0.047342672	-0.463292527	0.005956052	-9.785939618
1750000	-2	0.75	0.015307237	-0.17156655	0.0187456	-11.20819839
1750000	0	0.75	0.012707304	0.225940253	0.01254216	17.78034481
1750000	2	0.75	0.032014107	0.425465534	0.021190436	13.28993916
1750000	4	0.75	0.058248023	0.445871583	0.017763055	7.654707627
1750000	6	0.75	0.078391397	0.485650186	0.00967904	6.195197525
1750000	8	0.75	0.104269172	0.525268674	0.01710774	5.037622012
1750000	10	0.75	0.135173796	0.596416179	0.031377165	4.412217439
10500000	-4	0.75	0.047335927	-0.631008368	0.009715069	-13.33043223
10500000	-2	0.75	0.01484747	-0.216246871	0.014452154	-14.56455983
10500000	0	0.75	0.009802122	0.199085863	0.00469313	20.31048511
10500000	2	0.75	0.037074347	0.552947693	0.037690052	14.91456344
10500000	4	0.75	0.06028102	0.568346182	0.020559889	9.428277452
10500000	6	0.75	0.0802848	0.51132338	0.007475638	6.368869043
10500000	8	0.75	0.103719631	0.533842974	0.010303528	5.146981062
10500000	10	0.75	0.1341956	0.617642472	0.023404164	4.602553827
17500000	-4	0.75	0.047086797	-0.635844292	0.008800409	-13.50366421
17500000	-2	0.75	0.014252124	-0.222354285	0.013276709	-15.60148407
17500000	0	0.75	0.009013138	0.189829745	0.003025424	21.06144917
17500000	2	0.75	0.036172693	0.548372185	0.0355925	15.15983866
17500000	4	0.75	0.058680735	0.554438631	0.016441407	9.448392745
17500000	6	0.75	0.078360055	0.522535011	0.00217784	6.668384984
17500000	8	0.75	0.104462271	0.562576155	0.008780567	5.385448234
17500000	10	0.75	0.133665116	0.611021086	0.023995412	4.571283095
1860000	-4	0.8	0.059092892	-0.536070429	-0.013320016	-9.071656653
1860000	-2	0.8	0.020943662	-0.271979263	0.012414347	-12.98623252
1860000	0	0.8	0.030308936	0.132763291	0.038059051	4.380334892
1860000	2	0.8	0.046850279	0.244723674	0.020141533	5.223526463
1860000	4	0.8	0.067248011	0.321468755	0.010257612	4.780345899
1860000	6	0.8	0.092355056	0.410226044	0.012988461	4.44183632
1860000	8	0.8	0.120073419	0.502820451	0.023964185	4.187608346
11200000	-4	0.8	0.061694076	-0.583692787	-0.02339124	-9.461083192
11200000	-2	0.8	0.020739201	-0.30285311	0.004637675	-14.60293048
11200000	0	0.8	0.029247581	0.242175558	0.054132048	8.28019102
11200000	2	0.8	0.049937118	0.343443626	0.034324033	6.877522
11200000	4	0.8	0.071725021	0.407265244	0.016056418	5.678147479
11200000	6	0.8	0.093061758	0.428667282	0.00998432	4.606266735
11200000	8	0.8	0.12585726	0.575538193	0.024379071	4.572943945
18600000	-4	0.8	0.061831213	-0.594663764	-0.026582859	-9.617533542
18600000	-2	0.8	0.020339444	-0.310671456	0.002598564	-15.27433387
18600000	0	0.8	0.028446575	0.240479711	0.052603545	8.453731513
18600000	2	0.8	0.048594704	0.333126781	0.030871761	6.855207603
18600000	4	0.8	0.070784426	0.400443984	0.01358784	5.657232887
18600000	6	0.8	0.097583659	0.494695679	0.016041199	5.069452032
18600000	8	0.8	0.127345112	0.58884859	0.027600288	4.624037631
1980000	-4	0.85	0.079356759	-0.163411156	0.096777197	-2.059196448
1980000	-2	0.85	0.061676725	-0.212492461	0.02538406	-3.445261757
1980000	0	0.85	0.049357732	-0.218690445	-0.029201721	-4.430723102
1980000	2	0.85	0.059824792	0.019508725	-0.027000261	0.32609766
1980000	4	0.85	0.084979744	0.244050594	-0.007049654	2.871867841
1980000	6	0.85	0.118588969	0.438667021	0.019841272	3.69905417
11900000	-4	0.85	0.079173388	-0.200254582	0.084226927	-2.529316814
11900000	-2	0.85	0.058198754	-0.208754138	0.025523282	-3.586917636
11900000	0	0.85	0.045502758	-0.15679051	-0.011655384	-3.445736421
11900000	2	0.85	0.060457122	0.061814425	-0.021992807	1.022450666
11900000	4	0.85	0.091662722	0.302476234	0.001733133	3.299882742
11900000	6	0.85	0.127759426	0.505087929	0.031749563	3.953429849
19800000	-4	0.85	0.079708239	-0.219950231	0.075286441	-2.759441612
19800000	-2	0.85	0.057869592	-0.21403145	0.022596928	-3.698513188
19800000	0	0.85	0.045140286	-0.165908087	-0.016221383	-3.675388462
19800000	2	0.85	0.05883665	0.029838841	-0.036198224	0.507147177
19800000	4	0.85	0.090366128	0.294883157	0.000100212	3.263204507
19800000	6	0.85	0.126112701	0.4953715	0.029484196	3.928006426
2100000	-4	0.9	0.148914879	-0.378924903	-0.028342475	-2.544573822
2100000	-2	0.9	0.126026106	-0.165037766	0.02709319	-1.309552212
2100000	0	0.9	0.117498114	0.053118931	0.080210165	0.452083262
2100000	2	0.9	0.121318877	0.256281744	0.101989334	2.112463876
2100000	4	0.9	0.171427676	0.563897229	0.16764094	3.28941769
2100000	6	0.9	0.218433829	0.780048035	0.206449213	3.571095376
12600000	-4	0.9	0.1480851	-0.379616943	-0.029421175	-2.563505326
12600000	-2	0.9	0.126070032	-0.167746479	0.024507156	-1.330581713
12600000	0	0.9	0.118110963	0.039144693	0.070023686	0.331423025
12600000	2	0.9	0.129039369	0.302854182	0.12036256	2.34699056
12600000	4	0.9	0.171543225	0.56814872	0.167612933	3.311985764
12600000	6	0.9	0.219202414	0.785359053	0.207090647	3.582802944
21000000	-4	0.9	0.148413606	-0.381441702	-0.03084046	-2.570126235
21000000	-2	0.9	0.126198788	-0.169815624	0.023129549	-1.345620083
21000000	0	0.9	0.118129805	0.044083046	0.073248042	0.373174626
21000000	2	0.9	0.130768651	0.322516295	0.133008625	2.46631201
21000000	4	0.9	0.171197452	0.567046197	0.1679345	3.312235023
21000000	6	0.9	0.218820275	0.784725518	0.207368916	3.586164577
